1250
1250
1250
1250
1250
1250
1250
1251
1251
1251
1251
1251
1250
1251
1250
1251
1251
1251
1251
1251
1251
1251
1251
1251
1250
1250
1250
1250
1251
1250
1250
1250
1251
1251
1251
1251
1251
1251
1252
1252
1252
1251
1251
1251
1251
1251
1252
1252
1252
1252
1252
1252
1252
1252
1251
1252
1252
1252
1252
1253
1252
1252
1252
1252
1253
1253
1253
1253
1253
1253
1253
1253
1253
1253
1254
1253
1253
1253
1253
1253
1253
1253
1253
1253
1254
1254
1255
1255
1255
1254
1254
1254
1254
1254
1254
1254
1254
1255
1255
1254
1254
1254
1254
1254
1255
1256
1256
1256
1256
1256
1256
1255
1255
1255
1255
1255
1255
1255
1255
1255
1255
1256
1256
1256
1256
1256
1256
1256
1256
1256
1256
1255
1256
1256
1257
1257
1257
1257
1257
1257
1257
1257
1257
1256
1256
1257
1257
1257
1257
1257
1257
1257
1257
1257
1257
1257
1258
1258
1258
1258
1258
1258
1258
1258
1258
1258
1258
1258
1258
1258
1258
1258
1258
1258
1258
1259
1259
1259
1260
1260
1260
1260
1259
1259
1259
1259
1259
1260
1260
1260
1260
1261
1261
1261
1261
1261
1262
1262
1262
1262
1263
1263
1263
1263
1262
1262
1261
1261
1261
1262
1262
1263
1263
1264
1264
1263
1263
1263
1263
1263
1263
1263
1263
1263
1264
1264
1264
1264
1264
1264
1264
1264
1264
1264
1264
1264
1264
1264
1264
1264
1264
1263
1263
1264
1264
1265
1265
1265
1265
1265
1265
1265
1265
1265
1265
1266
1266
1267
1266
1266
1265
1265
1265
1264
1264
1264
1265
1265
1266
1266
1267
1266
1266
1266
1266
1266
1266
1266
1266
1267
1267
1267
1267
1267
1267
1267
1266
1266
1267
1267
1268
1268
1268
1268
1268
1269
1269
1269
1268
1268
1268
1268
1268
1268
1268
1269
1269
1270
1270
1270
1270
1270
1271
1271
1270
1270
1269
1269
1269
1270
1270
1270
1270
1270
1271
1271
1271
1271
1271
1271
1271
1271
1271
1271
1270
1270
1270
1271
1271
1271
1271
1271
1271
1271
1271
1270
1270
1270
1270
1270
1270
1270
1271
1271
1272
1272
1272
1272
1272
1272
1272
1272
1271
1271
1271
1271
1271
1271
1271
1271
1272
1272
1272
1273
1273
1273
1274
1274
1274
1274
1274
1274
1274
1273
1273
1273
1273
1273
1273
1273
1273
1273
1273
1274
1274
1274
1274
1274
1274
1274
1274
1273
1273
1273
1273
1273
1274
1275
1275
1274
1275
1274
1274
1274
1274
1274
1274
1274
1275
1276
1276
1276
1276
1276
1276
1276
1275
1275
1274
1275
1275
1276
1276
1277
1276
1276
1276
1275
1275
1275
1274
1274
1274
1274
1275
1275
1275
1275
1275
1275
1275
1275
1275
1275
1274
1274
1274
1275
1275
1276
1276
1276
1276
1276
1275
1275
1274
1274
1274
1275
1275
1276
1276
1276
1276
1276
1276
1276
1276
1276
1276
1275
1275
1275
1276
1276
1277
1276
1276
1276
1276
1275
1275
1275
1275
1275
1275
1276
1276
1276
1276
1275
1275
1275
1275
1276
1276
1276
1277
1277
1277
1277
1277
1277
1277
1277
1277
1276
1276
1276
1276
1276
1276
1277
1277
1277
1277
1277
1276
1276
1276
1276
1276
1275
1275
1275
1275
1276
1276
1276
1277
1277
1278
1278
1278
1278
1278
1277
1277
1276
1275
1275
1274
1275
1275
1275
1276
1276
1276
1276
1276
1275
1275
1274
1274
1274
1275
1275
1275
1276
1275
1276
1275
1275
1275
1275
1275
1274
1275
1275
1276
1276
1277
1277
1277
1276
1276
1275
1275
1275
1275
1275
1275
1275
1274
1274
1274
1274
1274
1274
1274
1274
1274
1274
1274
1274
1274
1274
1275
1274
1274
1274
1274
1274
1273
1273
1272
1272
1272
1273
1274
1274
1275
1274
1273
1273
1273
1273
1273
1273
1274
1274
1274
1273
1273
1274
1274
1274
1274
1273
1273
1272
1272
1272
1273
1272
1272
1272
1272
1272
1272
1272
1272
1272
1272
1271
1271
1271
1271
1271
1271
1271
1271
1270
1270
1270
1271
1271
1270
1270
1269
1269
1269
1269
1269
1268
1268
1268
1267
1267
1267
1268
1268
1269
1268
1268
1267
1267
1267
1267
1268
1268
1268
1268
1268
1267
1267
1267
1267
1267
1267
1267
1267
1266
1265
1265
1265
1265
1266
1266
1266
1266
1265
1265
1264
1264
1265
1265
1265
1265
1264
1264
1264
1263
1264
1264
1263
1264
1264
1264
1264
1264
1263
1263
1263
1263
1262
1262
1261
1261
1262
1262
1262
1262
1262
1262
1262
1261
1262
1261
1261
1260
1261
1261
1262
1262
1261
1260
1260
1259
1258
1258
1258
1258
1259
1259
1259
1259
1258
1258
1257
1257
1258
1257
1257
1256
1256
1256
1257
1257
1257
1257
1257
1257
1257
1256
1255
1255
1254
1254
1254
1254
1254
1255
1255
1255
1256
1255
1254
1253
1253
1252
1252
1252
1252
1251
1251
1251
1251
1251
1251
1252
1251
1251
1250
1250
1250
1250
1249
1249
1248
1248
1248
1248
1249
1249
1249
1248
1248
1247
1247
1247
1247
1247
1247
1247
1247
1247
1246
1246
1246
1245
1245
1245
1245
1244
1244
1245
1244
1245
1244
1243
1243
1243
1243
1243
1243
1242
1242
1242
1241
1242
1241
1241
1241
1240
1240
1240
1240
1241
1240
1241
1241
1240
1239
1239
1238
1238
1238
1238
1238
1238
1238
1238
1238
1238
1236
1235
1234
1234
1234
1234
1234
1234
1235
1235
1235
1234
1233
1233
1233
1233
1233
1233
1232
1232
1232
1232
1232
1232
1231
1230
1229
1229
1230
1230
1230
1229
1228
1228
1228
1228
1228
1227
1227
1226
1226
1226
1226
1226
1226
1225
1224
1224
1224
1224
1224
1224
1223
1223
1222
1222
1222
1222
1221
1222
1221
1222
1221
1221
1221
1220
1220
1220
1220
1221
1220
1220
1219
1219
1219
1220
1220
1220
1219
1219
1218
1218
1218
1218
1217
1216
1216
1216
1216
1216
1216
1216
1215
1215
1215
1214
1213
1213
1213
1212
1213
1213
1213
1213
1213
1213
1212
1212
1211
1211
1210
1211
1210
1210
1209
1209
1209
1209
1208
1207
1207
1206
1207
1207
1207
1207
1206
1206
1206
1206
1206
1205
1204
1203
1203
1203
1203
1202
1202
1201
1202
1202
1202
1202
1201
1201
1201
1201
1200
1200
1199
1199
1199
1199
1199
1199
1199
1198
1199
1198
1198
1197
1197
1197
1197
1197
1196
1195
1195
1196
1197
1197
1196
1195
1194
1193
1193
1193
1194
1194
1194
1194
1194
1193
1192
1192
1191
1191
1191
1190
1189
1189
1188
1189
1189
1190
1190
1189
1189
1189
1189
1189
1188
1188
1187
1186
1186
1185
1185
1185
1185
1185
1185
1185
1185
1185
1184
1185
1185
1184
1183
1183
1183
1183
1184
1184
1185
1185
1185
1185
1184
1183
1181
1181
1181
1182
1182
1182
1182
1182
1182
1182
1182
1182
1181
1180
1179
1179
1178
1178
1178
1178
1178
1178
1178
1178
1178
1178
1177
1177
1176
1176
1175
1175
1175
1176
1177
1177
1177
1177
1176
1175
1174
1173
1173
1172
1172
1172
1173
1173
1173
1174
1174
1173
1172
1171
1171
1171
1171
1171
1171
1170
1170
1169
1170
1170
1170
1170
1169
1169
1168
1168
1168
1168
1168
1168
1168
1168
1168
1167
1167
1166
1166
1166
1166
1166
1166
1165
1165
1165
1165
1165
1165
1165
1165
1164
1163
1163
1163
1163
1164
1164
1164
1164
1164
1163
1163
1163
1162
1161
1161
1161
1161
1161
1161
1161
1161
1160
1160
1160
1160
1159
1159
1159
1159
1160
1160
1161
1161
1160
1160
1159
1158
1157
1157
1156
1155
1155
1156
1156
1157
1157
1157
1158
1157
1157
1157
1157
1156
1156
1157
1156
1157
1156
1156
1155
1155
1155
1155
1155
1155
1155
1155
1154
1154
1154
1154
1154
1154
1153
1153
1152
1153
1153
1152
1152
1151
1151
1151
1151
1151
1152
1152
1151
1151
1151
1151
1151
1151
1151
1151
1151
1151
1151
1151
1151
1151
1150
1150
1149
1149
1150
1151
1151
1152
1152
1152
1152
1151
1150
1149
1149
1149
1148
1149
1149
1148
1148
1149
1149
1150
1150
1150
1150
1149
1148
1148
1147
1147
1147
1148
1148
1149
1149
1149
1149
1148
1148
1147
1146
1146
1145
1146
1146
1147
1147
1147
1147
1147
1147
1147
1146
1147
1146
1147
1147
1147
1146
1146
1146
1146
1146
1145
1145
1145
1145
1146
1146
1146
1146
1146
1146
1146
1146
1145
1144
1143
1143
1143
1144
1145
1145
1145
1145
1145
1145
1145
1145
1145
1145
1144
1144
1143
1143
1143
1143
1144
1144
1144
1144
1145
1145
1144
1143
1143
1143
1143
1144
1145
1145
1145
1145
1144
1145
1145
1144
1144
1144
1144
1144
1144
1145
1145
1145
1144
1144
1144
1144
1144
1144
1144
1144
1143
1143
1144
1144
1145
1145
1145
1146
1146
1145
1145
1145
1145
1144
1145
1145
1145
1146
1146
1147
1147
1147
1147
1147
1147
1146
1145
1144
1145
1145
1145
1146
1146
1146
1146
1147
1147
1148
1148
1147
1147
1147
1147
1148
1148
1148
1148
1148
1148
1148
1148
1149
1149
1149
1149
1148
1148
1148
1149
1149
1150
1150
1150
1149
1149
1149
1149
1149
1149
1150
1150
1150
1151
1151
1152
1152
1152
1152
1151
1151
1150
1151
1151
1152
1152
1153
1153
1153
1152
1152
1151
1151
1151
1151
1152
1152
1153
1154
1154
1154
1154
1154
1154
1155
1155
1155
1154
1153
1152
1153
1153
1154
1155
1155
1155
1155
1156
1156
1156
1157
1157
1157
1156
1156
1155
1156
1157
1158
1158
1158
1157
1157
1157
1158
1157
1158
1157
1158
1158
1159
1159
1159
1159
1158
1159
1159
1159
1159
1159
1159
1159
1160
1160
1161
1161
1161
1162
1162
1162
1163
1163
1163
1162
1162
1162
1162
1163
1163
1163
1163
1163
1163
1163
1164
1164
1164
1165
1165
1166
1166
1165
1165
1165
1166
1166
1167
1167
1167
1167
1167
1168
1168
1167
1167
1167
1167
1168
1168
1168
1168
1169
1169
1170
1170
1170
1170
1170
1169
1169
1169
1170
1170
1171
1172
1172
1173
1173
1174
1173
1173
1172
1172
1172
1173
1174
1174
1175
1175
1175
1175
1175
1175
1175
1174
1174
1175
1175
1176
1177
1177
1177
1177
1178
1178
1178
1177
1177
1177
1177
1178
1178
1179
1178
1178
1178
1179
1180
1181
1182
1182
1182
1181
1181
1180
1181
1181
1181
1182
1182
1183
1184
1184
1184
1185
1185
1185
1185
1185
1185
1185
1185
1186
1186
1186
1186
1186
1186
1186
1186
1187
1187
1186
1186
1187
1187
1188
1189
1189
1189
1189
1189
1189
1189
1189
1189
1189
1190
1190
1191
1191
1191
1191
1192
1193
1193
1193
1193
1192
1192
1192
1192
1193
1193
1194
1195
1195
1196
1196
1197
1197
1198
1198
1198
1198
1197
1197
1198
1198
1199
1199
1199
1200
1200
1200
1200
1200
1199
1199
1199
1200
1201
1202
1202
1203
1203
1204
1204
1204
1203
1203
1203
1203
1204
1204
1204
1204
1205
1206
1206
1206
1206
1206
1206
1206
1206
1206
1207
1207
1208
1208
1209
1209
1209
1210
1210
1210
1210
1211
1211
1212
1212
1212
1212
1211
1211
1211
1212
1212
1212
1213
1213
1213
1214
1214
1214
1214
1214
1215
1215
1215
1216
1216
1217
1218
1218
1218
1217
1217
1217
1218
1218
1218
1218
1218
1218
1219
1220
1220
1220
1220
1220
1221
1221
1221
1221
1221
1222
1222
1223
1223
1223
1223
1223
1224
1224
1225
1225
1225
1225
1225
1225
1225
1225
1225
1225
1226
1226
1226
1227
1227
1227
1228
1228
1228
1228
1228
1229
1229
1230
1230
1230
1231
1231
1232
1232
1232
1232
1232
1232
1232
1232
1232
1233
1232
1233
1233
1234
1234
1235
1235
1235
1235
1235
1235
1236
1236
1237
1236
1236
1235
1235
1236
1237
1237
1237
1237
1237
1236
1237
1237
1238
1238
1238
1239
1239
1239
1239
1240
1240
1240
1240
1239
1239
1240
1240
1240
1240
1240
1240
1240
1241
1241
1241
1241
1242
1242
1242
1242
1242
1242
1242
1243
1243
1244
1244
1244
1245
1245
1245
1245
1245
1246
1247
1248
1250
1251
1253
1254
1254
1255
1255
1256
1256
1257
1258
1259
1260
1261
1261
1261
1261
1261
1260
1260
1260
1261
1261
1261
1261
1262
1263
1263
1263
1263
1263
1262
1262
1261
1260
1259
1259
1258
1258
1257
1256
1255
1254
1254
1253
1253
1252
1252
1251
1251
1252
1252
1252
1252
1252
1252
1252
1253
1253
1253
1252
1252
1252
1252
1252
1251
1250
1249
1248
1248
1248
1249
1250
1250
1252
1254
1256
1258
1261
1263
1265
1266
1266
1266
1265
1265
1264
1264
1265
1266
1267
1269
1270
1272
1272
1272
1271
1271
1271
1271
1271
1272
1274
1275
1277
1278
1279
1279
1278
1278
1277
1276
1275
1275
1276
1277
1279
1282
1284
1286
1287
1287
1286
1285
1283
1282
1280
1279
1278
1278
1279
1281
1282
1282
1282
1281
1280
1279
1278
1279
1279
1280
1280
1281
1281
1280
1278
1275
1274
1271
1270
1268
1267
1266
1266
1266
1266
1266
1266
1264
1262
1261
1260
1261
1262
1264
1267
1271
1275
1278
1281
1281
1280
1278
1274
1270
1267
1264
1263
1262
1263
1264
1266
1267
1267
1267
1267
1268
1269
1271
1273
1276
1278
1279
1280
1279
1277
1274
1271
1268
1266
1264
1263
1263
1264
1265
1266
1266
1266
1266
1267
1268
1271
1275
1280
1286
1292
1296
1299
1299
1299
1298
1296
1294
1292
1289
1287
1284
1282
1280
1280
1280
1282
1283
1284
1286
1286
1287
1288
1290
1292
1294
1297
1299
1301
1302
1302
1302
1301
1302
1302
1302
1300
1297
1291
1285
1278
1272
1266
1260
1255
1249
1244
1240
1237
1236
1236
1239
1244
1251
1256
1261
1262
1262
1260
1259
1259
1259
1261
1262
1262
1261
1259
1256
1253
1249
1247
1245
1243
1242
1241
1241
1243
1250
1258
1269
1279
1287
1292
1295
1297
1299
1300
1299
1298
1296
1294
1291
1288
1285
1283
1280
1278
1277
1277
1276
1275
1274
1273
1271
1271
1273
1279
1287
1296
1304
1308
1307
1302
1296
1290
1285
1284
1283
1282
1280
1277
1273
1269
1267
1266
1267
1268
1268
1267
1266
1267
1269
1274
1279
1284
1285
1284
1280
1275
1270
1268
1268
1270
1272
1274
1275
1275
1274
1272
1270
1267
1265
1264
1264
1265
1266
1266
1267
1269
1273
1276
1278
1278
1276
1275
1276
1279
1283
1284
1283
1280
1276
1274
1271
1269
1265
1260
1254
1251
1250
1252
1256
1261
1266
1272
1277
1282
1286
1289
1291
1288
1282
1274
1266
1261
1262
1266
1273
1276
1274
1266
1256
1248
1245
1250
1259
1269
1276
1277
1274
1270
1267
1270
1277
1283
1288
1290
1290
1291
1295
1299
1302
1300
1294
1285
1279
1276
1274
1275
1273
1271
1269
1271
1277
1286
1294
1299
1301
1303
1307
1314
1320
1321
1316
1305
1293
1283
1280
1283
1290
1296
1300
1300
1298
1297
1296
1296
1295
1292
1287
1282
1280
1280
1282
1286
1289
1290
1290
1291
1294
1296
1296
1295
1292
1288
1285
1283
1281
1279
1277
1277
1281
1286
1289
1289
1284
1277
1269
1264
1261
1262
1262
1260
1259
1256
1254
1254
1257
1262
1268
1275
1279
1280
1278
1275
1273
1273
1275
1276
1274
1269
1265
1262
1261
1262
1262
1259
1256
1254
1253
1255
1258
1261
1264
1267
1270
1274
1277
1279
1279
1280
1281
1285
1288
1292
1292
1291
1289
1286
1285
1284
1281
1277
1273
1268
1266
1269
1275
1282
1286
1284
1279
1272
1270
1271
1276
1281
1283
1283
1282
1280
1278
1274
1269
1264
1261
1261
1264
1265
1266
1267
1271
1277
1283
1284
1280
1271
1265
1265
1272
1280
1286
1287
1287
1289
1294
1298
1299
1295
1287
1278
1271
1266
1260
1255
1251
1251
1255
1260
1263
1264
1264
1267
1272
1277
1280
1277
1270
1264
1260
1260
1263
1265
1265
1265
1265
1266
1267
1267
1264
1260
1256
1253
1254
1257
1261
1265
1266
1265
1261
1256
1252
1250
1252
1257
1262
1268
1270
1269
1264
1257
1251
1247
1245
1245
1246
1245
1245
1244
1244
1243
1242
1241
1241
1242
1245
1249
1255
1263
1273
1283
1291
1294
1294
1289
1283
1278
1273
1269
1266
1263
1260
1258
1257
1257
1259
1261
1262
1263
1263
1263
1264
1265
1266
1267
1270
1277
1285
1295
1299
1297
1288
1277
1268
1264
1262
1260
1254
1247
1242
1244
1251
1260
1266
1269
1267
1264
1260
1255
1249
1246
1247
1256
1268
1277
1278
1273
1268
1266
1268
1269
1264
1251
1235
1219
1212
1213
1220
1230
1240
1249
1258
1264
1268
1269
1267
1266
1267
1269
1273
1276
1279
1280
1277
1272
1265
1261
1261
1263
1264
1259
1252
1246
1247
1255
1262
1262
1254
1244
1242
1250
1261
1267
1263
1255
1248
1249
1255
1260
1259
1254
1252
1255
1263
1269
1268
1261
1255
1254
1259
1262
1260
1254
1249
1251
1260
1268
1270
1266
1261
1259
1262
1265
1265
1258
1252
1247
1248
1251
1256
1260
1262
1266
1267
1267
1264
1259
1254
1251
1251
1254
1259
1264
1270
1276
1282
1284
1283
1279
1277
1277
1278
1276
1268
1259
1251
1249
1252
1257
1261
1260
1258
1257
1256
1258
1259
1258
1255
1251
1247
1246
1247
1249
1249
1244
1237
1229
1224
1223
1223
1226
1229
1232
1236
1241
1248
1254
1258
1256
1249
1240
1231
